(0, 1) - 300
(0, 2) - 299
(1, 2) - 298
(0, 3) - 297
(1, 3) - 296
(2, 3) - 295
(0, 4) - 294
(1, 4) - 293
(2, 4) - 292
(3, 4) - 291
(0, 5) - 290
(1, 5) - 289
(2, 5) - 288
(3, 5) - 287
(4, 5) - 286
(0, 6) - 285
(1, 6) - 284
(2, 6) - 283
(3, 6) - 282
(4, 6) - 281
(5, 6) - 280
(0, 7) - 279
(1, 7) - 278
(2, 7) - 277
(3, 7) - 276
(4, 7) - 275
(5, 7) - 274
(6, 7) - 273
(0, 8) - 272
(1, 8) - 271
(2, 8) - 270
(3, 8) - 269
(4, 8) - 268
(5, 8) - 267
(6, 8) - 266
(7, 8) - 265
(0, 9) - 264
(1, 9) - 263
(2, 9) - 262
(3, 9) - 261
(4, 9) - 260
(5, 9) - 259
(6, 9) - 258
(7, 9) - 257
(8, 9) - 256
(0, 10) - 255
(1, 10) - 254
(2, 10) - 253
(3, 10) - 252
(4, 10) - 251
(5, 10) - 250
(6, 10) - 249
(7, 10) - 248
(8, 10) - 247
(9, 10) - 246
(0, 11) - 245
(1, 11) - 244
(2, 11) - 243
(3, 11) - 242
(4, 11) - 241
(5, 11) - 240
(6, 11) - 239
(7, 11) - 238
(8, 11) - 237
(9, 11) - 236
(10, 11) - 235
(0, 12) - 234
(1, 12) - 233
(2, 12) - 232
(3, 12) - 231
(4, 12) - 230
(5, 12) - 229
(6, 12) - 228
(7, 12) - 227
(8, 12) - 226
(9, 12) - 225
(10, 12) - 224
(11, 12) - 223
(0, 13) - 222
(1, 13) - 221
(2, 13) - 220
(3, 13) - 219
(4, 13) - 218
(5, 13) - 217
(6, 13) - 216
(7, 13) - 215
(8, 13) - 214
(9, 13) - 213
(10, 13) - 212
(11, 13) - 211
(12, 13) - 210
(0, 14) - 209
(1, 14) - 208
(2, 14) - 207
(3, 14) - 206
(4, 14) - 205
(5, 14) - 204
(6, 14) - 203
(7, 14) - 202
(8, 14) - 201
(9, 14) - 200
(10, 14) - 199
(11, 14) - 198
(12, 14) - 197
(13, 14) - 196
(0, 15) - 195
(1, 15) - 194
(2, 15) - 193
(3, 15) - 192
(4, 15) - 191
(5, 15) - 190
(6, 15) - 189
(7, 15) - 188
(8, 15) - 187
(9, 15) - 186
(10, 15) - 185
(11, 15) - 184
(12, 15) - 183
(13, 15) - 182
(14, 15) - 181
(0, 16) - 180
(1, 16) - 179
(2, 16) - 178
(3, 16) - 177
(4, 16) - 176
(5, 16) - 175
(6, 16) - 174
(7, 16) - 173
(8, 16) - 172
(9, 16) - 171
(10, 16) - 170
(11, 16) - 169
(12, 16) - 168
(13, 16) - 167
(14, 16) - 166
(15, 16) - 165
(0, 17) - 164
(1, 17) - 163
(2, 17) - 162
(3, 17) - 161
(4, 17) - 160
(5, 17) - 159
(6, 17) - 158
(7, 17) - 157
(8, 17) - 156
(9, 17) - 155
(10, 17) - 154
(11, 17) - 153
(12, 17) - 152
(13, 17) - 151
(14, 17) - 150
(15, 17) - 149
(16, 17) - 148
(0, 18) - 147
(1, 18) - 146
(2, 18) - 145
(3, 18) - 144
(4, 18) - 143
(5, 18) - 142
(6, 18) - 141
(7, 18) - 140
(8, 18) - 139
(9, 18) - 138
(10, 18) - 137
(11, 18) - 136
(12, 18) - 135
(13, 18) - 134
(14, 18) - 133
(15, 18) - 132
(16, 18) - 131
(17, 18) - 130
(0, 19) - 129
(1, 19) - 128
(2, 19) - 127
(3, 19) - 126
(4, 19) - 125
(5, 19) - 124
(6, 19) - 123
(7, 19) - 122
(8, 19) - 121
(9, 19) - 120
(10, 19) - 119
(11, 19) - 118
(12, 19) - 117
(13, 19) - 116
(14, 19) - 115
(15, 19) - 114
(16, 19) - 113
(17, 19) - 112
(18, 19) - 111
(0, 20) - 110
(1, 20) - 109
(2, 20) - 108
(3, 20) - 107
(4, 20) - 106
(5, 20) - 105
(6, 20) - 104
(7, 20) - 103
(8, 20) - 102
(9, 20) - 101
(10, 20) - 100
(11, 20) - 99
(12, 20) - 98
(13, 20) - 97
(14, 20) - 96
(15, 20) - 95
(16, 20) - 94
(17, 20) - 93
(18, 20) - 92
(19, 20) - 91
(0, 21) - 90
(1, 21) - 89
(2, 21) - 88
(3, 21) - 87
(4, 21) - 86
(5, 21) - 85
(6, 21) - 84
(7, 21) - 83
(8, 21) - 82
(9, 21) - 81
(10, 21) - 80
(11, 21) - 79
(12, 21) - 78
(13, 21) - 77
(14, 21) - 76
(15, 21) - 75
(16, 21) - 74
(17, 21) - 73
(18, 21) - 72
(19, 21) - 71
(20, 21) - 70
(0, 22) - 69
(1, 22) - 68
(2, 22) - 67
(3, 22) - 66
(4, 22) - 65
(5, 22) - 64
(6, 22) - 63
(7, 22) - 62
(8, 22) - 61
(9, 22) - 60
(10, 22) - 59
(11, 22) - 58
(12, 22) - 57
(13, 22) - 56
(14, 22) - 55
(15, 22) - 54
(16, 22) - 53
(17, 22) - 52
(18, 22) - 51
(19, 22) - 50
(20, 22) - 49
(21, 22) - 48
(0, 23) - 47
(1, 23) - 46
(2, 23) - 45
(3, 23) - 44
(4, 23) - 43
(5, 23) - 42
(6, 23) - 41
(7, 23) - 40
(8, 23) - 39
(9, 23) - 38
(10, 23) - 37
(11, 23) - 36
(12, 23) - 35
(13, 23) - 34
(14, 23) - 33
(15, 23) - 32
(16, 23) - 31
(17, 23) - 30
(18, 23) - 29
(19, 23) - 28
(20, 23) - 27
(21, 23) - 26
(22, 23) - 25
(0, 24) - 24
(1, 24) - 23
(2, 24) - 22
(3, 24) - 21
(4, 24) - 20
(5, 24) - 19
(6, 24) - 18
(7, 24) - 17
(8, 24) - 16
(9, 24) - 15
(10, 24) - 14
(11, 24) - 13
(12, 24) - 12
(13, 24) - 11
(14, 24) - 10
(15, 24) - 9
(16, 24) - 8
(17, 24) - 7
(18, 24) - 6
(19, 24) - 5
(20, 24) - 4
(21, 24) - 3
(22, 24) - 2
(23, 24) - 1
